<?xml version="1.0"?>
<opencv_storage>
<calibration_Time>"Sun Sep 28 18:52:55 2014"</calibration_Time>
<nrOfFrames>14</nrOfFrames>
<image_Width>352</image_Width>
<image_Height>288</image_Height>
<board_Width>9</board_Width>
<board_Height>6</board_Height>
<square_Size>25.</square_Size>
<FixAspectRatio>1.</FixAspectRatio>
<!-- flags:  +fix_aspectRatio +fix_principal_point +zero_tangent_dist -->
<flagValue>14</flagValue>
<Camera_Matrix type_id="opencv-matrix">
  <rows>3</rows>
  <cols>3</cols>
  <dt>d</dt>
  <data>
    5.5565367784816908e+02 0. 1.7550000000000000e+02 0.
    5.5565367784816908e+02 1.4350000000000000e+02 0. 0. 1.</data></Camera_Matrix>
<Distortion_Coefficients type_id="opencv-matrix">
  <rows>5</rows>
  <cols>1</cols>
  <dt>d</dt>
  <data>
    3.4658839746741410e-01 5.8217571822345429e+00 0. 0.
    -6.5562237096523745e+01</data></Distortion_Coefficients>
<Avg_Reprojection_Error>1.9717541825363876e+00</Avg_Reprojection_Error>
<Per_View_Reprojection_Errors type_id="opencv-matrix">
  <rows>14</rows>
  <cols>1</cols>
  <dt>f</dt>
  <data>
    8.44213068e-01 2.52454305e+00 1.19150233e+00 2.07547760e+00
    1.47023535e+00 5.52365065e-01 1.37989080e+00 1.26888740e+00
    1.80251300e+00 4.09709358e+00 2.23779273e+00 1.05434334e+00
    2.45096517e+00 1.86371088e+00</data></Per_View_Reprojection_Errors>
<!-- a set of 6-tuples (rotation vector + translation vector) for each view -->
<Extrinsic_Parameters type_id="opencv-matrix">
  <rows>14</rows>
  <cols>6</cols>
  <dt>d</dt>
  <data>
    -2.4960230360565007e-03 7.6044383814224215e-01
    -2.1836383881701327e-02 -5.4636267375358031e+01
    -1.0043060216439397e+02 6.5876614847460223e+02
    1.7845893998678770e-02 2.2385213235788062e-01
    -1.6458448063767308e-02 -1.1169885148565002e+02
    -1.0756704970212793e+02 6.2472123688784689e+02
    -6.7371111720731902e-02 -4.6207296599741376e-01
    -3.5494622226756617e-02 -1.3231765086118111e+02
    -1.0248391463940446e+02 5.3127879304195744e+02
    -1.2112563908809287e-01 2.4237019570553139e-01
    -1.0860386168375771e-01 -1.5373003098467706e+02
    4.7034936851101307e-02 6.8068824347384668e+02
    -6.7670256853281499e-02 4.5906649634145952e-01
    -8.5143195777033526e-02 -8.6007629555553663e+01
    -1.3516602243637077e+01 6.7545754539720588e+02
    2.5127208673578058e-03 7.7207644907145534e-01 1.4133042093966031e-02
    -3.5849911198704746e+01 -1.8521385421769349e+01
    6.2441938267927503e+02 5.8351693644224378e-01
    -7.3872804432802378e-02 1.5170594212893046e-02
    -1.3666180595614870e+02 -9.5587111955576987e+01
    6.6464048687434081e+02 -6.5004947993861151e-01
    -4.4709420833135248e-02 -7.4752852414427372e-03
    -9.8596647032846107e+01 4.6487140111607388e+01
    8.4874437302476088e+02 -3.0471867876571873e-01
    -5.0307239810089277e-01 -2.0524275538643352e-01
    -1.5299820638766928e+02 -1.1845006391598380e+01
    7.1450567101946865e+02 -6.0581537732881630e-01
    7.3066091374038478e-01 1.6088140308617252e-01 3.7952170651049599e+01
    5.9309717741303611e+00 8.4073660224049615e+02
    -2.2468413678483005e-02 3.1504671291945519e-01
    -1.8546695569140340e-03 -1.1445600089759172e+02
    -5.7736537767769384e+01 6.3863882208863947e+02
    3.5210830370283380e-01 7.0747526043857800e-01
    -6.8079486993587512e-02 -4.3129316996132530e+01
    -9.8682422836778116e+01 6.1394663956160298e+02
    2.8581732498436341e-01 -8.2551204781664245e-01
    -4.5418079373347138e-02 -8.6716252892711523e+01
    -5.8190742565075894e+01 4.1762689661268371e+02
    3.0171587951154460e-02 -3.7389015455903329e-01
    -3.3308506094051990e-02 -1.2963961266385760e+02
    -6.5763479127002270e+01 5.6338269239314582e+02</data></Extrinsic_Parameters>
<Image_points type_id="opencv-matrix">
  <rows>14</rows>
  <cols>54</cols>
  <dt>"2f"</dt>
  <data>
    1.29314102e+02 5.80564346e+01 1.44086319e+02 5.52953606e+01
    1.60091034e+02 5.27383842e+01 1.76475952e+02 4.95632477e+01
    1.92432190e+02 4.60297012e+01 2.10452377e+02 4.21362762e+01
    2.30189590e+02 3.83969727e+01 2.50632706e+02 3.37913094e+01
    2.72345001e+02 2.88382111e+01 1.29263596e+02 7.87234192e+01
    1.44437546e+02 7.71297836e+01 1.60382355e+02 7.48127823e+01
    1.76784637e+02 7.25572891e+01 1.93327148e+02 6.95159988e+01
    2.10726379e+02 6.66536179e+01 2.30601303e+02 6.34548302e+01
    2.51337509e+02 6.01590385e+01 2.73278290e+02 5.60734558e+01
    1.29491577e+02 1.00275558e+02 1.44332230e+02 9.85101242e+01
    1.60408173e+02 9.72693253e+01 1.76945282e+02 9.53837204e+01
    1.93741333e+02 9.35059357e+01 2.11457611e+02 9.10770645e+01
    2.30717606e+02 8.88037872e+01 2.51687256e+02 8.63153610e+01
    2.74312500e+02 8.36564331e+01 1.29553864e+02 1.21493080e+02
    1.44508148e+02 1.20584358e+02 1.60243866e+02 1.19517082e+02
    1.77167297e+02 1.18621658e+02 1.94257523e+02 1.17253929e+02
    2.12125000e+02 1.16120003e+02 2.31420364e+02 1.14366066e+02
    2.52392410e+02 1.12920235e+02 2.75371765e+02 1.11116837e+02
    1.29699905e+02 1.42790268e+02 1.44461807e+02 1.42412857e+02
    1.60453613e+02 1.42275635e+02 1.77065216e+02 1.41579300e+02
    1.94550949e+02 1.41397018e+02 2.12521591e+02 1.40622253e+02
    2.32196350e+02 1.40210922e+02 2.53441544e+02 1.39470428e+02
    2.76036194e+02 1.38725632e+02 1.30104797e+02 1.64137741e+02
    1.44602814e+02 1.64455109e+02 1.60359802e+02 1.64584167e+02
    1.77409271e+02 1.65065094e+02 1.94617950e+02 1.65263916e+02
    2.13154938e+02 1.65593857e+02 2.33139053e+02 1.65646576e+02
    2.54182037e+02 1.66131073e+02 2.76694489e+02 1.66316345e+02
    7.44419022e+01 4.14938354e+01 9.69597015e+01 4.13002586e+01
    1.19386322e+02 4.13130264e+01 1.41617508e+02 4.09550972e+01
    1.63367798e+02 3.98330231e+01 1.85439972e+02 3.92487869e+01
    2.07469025e+02 3.87000999e+01 2.29465546e+02 3.78195572e+01
    2.51473907e+02 3.67453384e+01 7.45570908e+01 6.53709030e+01
    9.73049850e+01 6.53367386e+01 1.19710320e+02 6.51511612e+01
    1.42111328e+02 6.46949081e+01 1.63968735e+02 6.36902885e+01
    1.86018402e+02 6.28311462e+01 2.08315491e+02 6.23297310e+01
    2.30343613e+02 6.15339470e+01 2.52411682e+02 6.05470161e+01
    7.46356125e+01 8.97576981e+01 9.74506531e+01 8.93819199e+01
    1.20052307e+02 8.91836624e+01 1.42524475e+02 8.85243607e+01
    1.64624023e+02 8.78304520e+01 1.86740646e+02 8.68429794e+01
    2.09057449e+02 8.62022858e+01 2.31257553e+02 8.53294449e+01
    2.53357086e+02 8.46850281e+01 7.48308792e+01 1.14299286e+02
    9.76155319e+01 1.13827957e+02 1.20408218e+02 1.13293221e+02
    1.42893890e+02 1.12720551e+02 1.65288757e+02 1.12155960e+02
    1.87468063e+02 1.11304688e+02 2.09904510e+02 1.10412766e+02
    2.32250397e+02 1.09680664e+02 2.54332092e+02 1.08878319e+02
    7.50144882e+01 1.38915726e+02 9.78378906e+01 1.38337418e+02
    1.20573303e+02 1.37730606e+02 1.43471451e+02 1.37116287e+02
    1.65716629e+02 1.36503647e+02 1.88212494e+02 1.35531464e+02
    2.10636856e+02 1.34866516e+02 2.33098038e+02 1.34043121e+02
    2.55381943e+02 1.33389252e+02 7.53278503e+01 1.63627594e+02
    9.81836319e+01 1.63095963e+02 1.20894531e+02 1.62376205e+02
    1.43806168e+02 1.61613159e+02 1.66402130e+02 1.60889740e+02
    1.88832794e+02 1.60269287e+02 2.11426987e+02 1.59375397e+02
    2.33819748e+02 1.58534882e+02 2.56244720e+02 1.57624130e+02
    3.54627991e+01 3.31345673e+01 6.17602768e+01 3.56961784e+01
    8.66519852e+01 3.83000412e+01 1.10641113e+02 4.03991966e+01
    1.33569366e+02 4.14041710e+01 1.55521698e+02 4.29985352e+01
    1.76383423e+02 4.48160782e+01 1.96563309e+02 4.61755562e+01
    2.16185974e+02 4.72475090e+01 3.56515312e+01 5.89515915e+01
    6.22932320e+01 6.12694130e+01 8.74624634e+01 6.30603142e+01
    1.11501991e+02 6.45052261e+01 1.34661484e+02 6.52813950e+01
    1.56859695e+02 6.62091751e+01 1.77983444e+02 6.73506775e+01
    1.98299255e+02 6.84054184e+01 2.17839706e+02 6.90545959e+01
    3.57944107e+01 8.57459793e+01 6.26791153e+01 8.68998566e+01
    8.82047729e+01 8.82766724e+01 1.12489342e+02 8.91628189e+01
