<?xml version="1.0"?>
<opencv_storage>
<calibration_Time>"Sun Sep 28 18:55:25 2014"</calibration_Time>
<nrOfFrames>8</nrOfFrames>
<image_Width>352</image_Width>
<image_Height>288</image_Height>
<board_Width>9</board_Width>
<board_Height>6</board_Height>
<square_Size>25.</square_Size>
<FixAspectRatio>1.</FixAspectRatio>
<!-- flags:  +fix_aspectRatio +fix_principal_point +zero_tangent_dist -->
<flagValue>14</flagValue>
<Camera_Matrix type_id="opencv-matrix">
  <rows>3</rows>
  <cols>3</cols>
  <dt>d</dt>
  <data>
    6.4811035496856346e+02 0. 1.7550000000000000e+02 0.
    6.4811035496856346e+02 1.4350000000000000e+02 0. 0. 1.</data></Camera_Matrix>
<Distortion_Coefficients type_id="opencv-matrix">
  <rows>5</rows>
  <cols>1</cols>
  <dt>d</dt>
  <data>
    5.6078686128643729e-01 1.0982574881244130e+01 0. 0.
    -1.6870509962699359e+02</data></Distortion_Coefficients>
<Avg_Reprojection_Error>1.7596297579726521e+00</Avg_Reprojection_Error>
<Per_View_Reprojection_Errors type_id="opencv-matrix">
  <rows>8</rows>
  <cols>1</cols>
  <dt>f</dt>
  <data>
    1.49386430e+00 1.03711975e+00 1.22788632e+00 1.44317245e+00
    1.57972145e+00 1.73187804e+00 3.17707825e+00 1.51126707e+00</data></Per_View_Reprojection_Errors>
<!-- a set of 6-tuples (rotation vector + translation vector) for each view -->
<Extrinsic_Parameters type_id="opencv-matrix">
  <rows>8</rows>
  <cols>6</cols>
  <dt>d</dt>
  <data>
    -1.0956285912150240e-02 -3.0025842865068558e-01
    -2.4914038586810402e-02 -3.0078660482214598e+01
    -9.6000860718074250e+01 6.6602664356359753e+02
    -1.2258137079286670e-01 -5.5147378092928812e-01
    -2.7960091580131460e-02 -5.1217424740079998e+01
    -9.4680765148705035e+01 6.1311378795964868e+02
    -6.1504911768160225e-02 -3.6393278186328398e-01
    -7.4468884036836713e-02 -7.2509521546774934e+01
    3.8146373306066095e+00 7.2806146817946990e+02
    -7.9675413366313452e-02 4.9469704169106316e-01
    -7.2867526738936400e-02 -9.2787948108807203e+00
    -3.1444894636859004e+00 7.9480555487786137e+02
    5.2480340254847646e-01 -1.9030676783617609e-01
    7.4637637806595575e-02 -4.9519685292006230e+01
    -9.1713334410910605e+01 7.8662220448345658e+02
    -6.6756533222608905e-01 -1.8632965376360019e-01
    -2.8463243659220001e-02 -2.6497515124602486e+01
    5.8695295939461296e+01 9.8309932229309220e+02
    -3.1279741526841942e-01 -6.0945476344650740e-01
    -2.0564165498516701e-01 -7.6000524281125152e+01
    -2.2636202986940104e+00 8.2645546153875102e+02
    -2.5897695410831041e-02 -3.1876560846786295e-01
    1.8587912066702850e-02 -3.4195669952492075e+01
    -5.0687569456632787e+01 6.7721515138123857e+02</data></Extrinsic_Parameters>
<Image_points type_id="opencv-matrix">
  <rows>8</rows>
  <cols>54</cols>
  <dt>"2f"</dt>
  <data>
    1.49337509e+02 5.04198570e+01 1.71255371e+02 5.04279480e+01
    1.92770737e+02 5.06408806e+01 2.14706024e+02 5.05339699e+01
    2.36498932e+02 4.97564049e+01 2.58465668e+02 4.92609177e+01
    2.80378662e+02 4.91073608e+01 3.02536194e+02 4.85195847e+01
    3.24932098e+02 4.77131271e+01 1.49469864e+02 7.40818634e+01
    1.71341980e+02 7.43075180e+01 1.93244308e+02 7.43180847e+01
    2.15099091e+02 7.42054214e+01 2.37171646e+02 7.34212952e+01
    2.59221497e+02 7.28788376e+01 2.81273865e+02 7.25665665e+01
    3.03390411e+02 7.23343201e+01 3.25712067e+02 7.14334030e+01
    1.49444824e+02 9.81213379e+01 1.71511505e+02 9.79201126e+01
    1.93392593e+02 9.81175308e+01 2.15465714e+02 9.77421646e+01
    2.37418671e+02 9.74624557e+01 2.59567169e+02 9.67538757e+01
    2.82055084e+02 9.64870300e+01 3.04273254e+02 9.59242859e+01
    3.26473572e+02 9.56390457e+01 1.49554092e+02 1.22292381e+02
    1.71583649e+02 1.22244240e+02 1.93760574e+02 1.21954933e+02
    2.15862457e+02 1.21810539e+02 2.38051453e+02 1.21522751e+02
    2.60342255e+02 1.21043686e+02 2.82675659e+02 1.20505608e+02
    3.05166718e+02 1.20391258e+02 3.27297852e+02 1.19737427e+02
    1.49570007e+02 1.46538116e+02 1.71907913e+02 1.46379211e+02
    1.94187302e+02 1.46300629e+02 2.16455994e+02 1.45830399e+02
    2.38466995e+02 1.45699402e+02 2.60783264e+02 1.45276093e+02
    2.83451691e+02 1.44949097e+02 3.05639984e+02 1.44541229e+02
    3.28207642e+02 1.44391785e+02 1.49797531e+02 1.70922348e+02
    1.72254730e+02 1.70711960e+02 1.94465866e+02 1.70491440e+02
    2.16703766e+02 1.70378922e+02 2.39121933e+02 1.69901840e+02
    2.61437714e+02 1.69707397e+02 2.83943817e+02 1.69270798e+02
    3.06314819e+02 1.69019562e+02 3.28612946e+02 1.68586349e+02
    1.21624870e+02 4.15016975e+01 1.45059479e+02 4.43937035e+01
    1.67105591e+02 4.72156181e+01 1.88636093e+02 4.96337280e+01
    2.09636795e+02 5.10909042e+01 2.29482468e+02 5.27354774e+01
    2.48216324e+02 5.50424156e+01 2.66681030e+02 5.64087982e+01
    2.84689850e+02 5.79182129e+01 1.22576736e+02 6.73843307e+01
    1.45894150e+02 6.98636551e+01 1.68259003e+02 7.19941025e+01
    1.89679291e+02 7.37355118e+01 2.11012985e+02 7.48161469e+01
    2.31287125e+02 7.61161194e+01 2.50297501e+02 7.75184784e+01
    2.68598083e+02 7.88626480e+01 2.86503021e+02 7.97582855e+01
    1.23297447e+02 9.42139206e+01 1.47158875e+02 9.55771790e+01
    1.69494095e+02 9.72367859e+01 1.91326065e+02 9.83973236e+01
    2.12329773e+02 9.92804642e+01 2.32804031e+02 9.98091812e+01
    2.52359634e+02 1.00552368e+02 2.70775238e+02 1.01464844e+02
    2.88467499e+02 1.02358009e+02 1.24179169e+02 1.21272369e+02
    1.48189178e+02 1.22031540e+02 1.71064621e+02 1.22669579e+02
    1.92750854e+02 1.23440475e+02 2.13917908e+02 1.23726013e+02
    2.34455933e+02 1.24223396e+02 2.54215775e+02 1.24350639e+02
    2.72851044e+02 1.24636841e+02 2.90338318e+02 1.25003792e+02
    1.24950798e+02 1.48690598e+02 1.49338043e+02 1.48689835e+02
    1.72284805e+02 1.48805389e+02 1.94496140e+02 1.48710709e+02
    2.15518875e+02 1.48816208e+02 2.36203690e+02 1.48479568e+02
    2.55878860e+02 1.48433945e+02 2.74463623e+02 1.48225189e+02
    2.92417542e+02 1.48251266e+02 1.25742157e+02 1.76556992e+02
    1.50428177e+02 1.75951935e+02 1.73724792e+02 1.75306931e+02
    1.95782776e+02 1.74759521e+02 2.17306808e+02 1.73970840e+02
    2.37716034e+02 1.73493546e+02 2.57315643e+02 1.72583267e+02
    2.76141113e+02 1.72168930e+02 2.93846008e+02 1.71402954e+02
    1.13054008e+02 1.47542938e+02 1.33050232e+02 1.45982925e+02
    1.52781494e+02 1.44575195e+02 1.72628296e+02 1.42968170e+02
    1.92185181e+02 1.41066071e+02 2.11548950e+02 1.39339874e+02
    2.30699341e+02 1.37714264e+02 2.49946548e+02 1.35903259e+02
    2.69192902e+02 1.34284225e+02 1.14319954e+02 1.69296585e+02
    1.34477921e+02 1.67671295e+02 1.54418152e+02 1.66079376e+02
    1.74301163e+02 1.64420990e+02 1.93957489e+02 1.62444946e+02
    2.13562637e+02 1.60609161e+02 2.33030685e+02 1.58724350e+02
    2.52318130e+02 1.57131302e+02 2.71440491e+02 1.55140656e+02
    1.15597786e+02 1.91568375e+02 1.35891586e+02 1.89624756e+02
    1.56034134e+02 1.87903427e+02 1.76060547e+02 1.86110291e+02
    1.95760300e+02 1.84242218e+02 2.15574768e+02 1.82262115e+02
    2.35328568e+02 1.80413254e+02 2.54608490e+02 1.78383942e+02
    2.73855499e+02 1.76643570e+02 1.16955963e+02 2.14098541e+02
    1.37470306e+02 2.12205780e+02 1.57668579e+02 2.10145691e+02
    1.77851120e+02 2.08265427e+02 1.97715759e+02 2.06272263e+02
    2.17624863e+02 2.04344971e+02 2.37458771e+02 2.02221649e+02
    2.57181030e+02 2.00393494e+02 2.76328979e+02 1.98279526e+02
    1.18321465e+02 2.36853348e+02 1.38937225e+02 2.34754333e+02
    1.59405411e+02 2.32655731e+02 1.79610748e+02 2.30540054e+02
    1.99664932e+02 2.28530426e+02 2.19656509e+02 2.26438873e+02
    2.39673325e+02 2.24478943e+02 2.59285522e+02 2.22291870e+02
    2.78844971e+02 2.20388733e+02 1.19684059e+02 2.59780609e+02
    1.40478302e+02 2.57693359e+02 1.61070740e+02 2.55456726e+02
    1.81535583e+02 2.53292313e+02 2.01652725e+02 2.50975708e+02
    2.21755737e+02 2.48930481e+02 2.41660324e+02 2.46618454e+02
    2.61548157e+02 2.44577942e+02 2.80990814e+02 2.42284729e+02
